Game #,Start SR,End SR,SR Change,Team SR avg,Enemy SR avg,Result,Streak,Leaver,Gold medals,Silver medals,Bronze medals
1,1555,1595,40,1522,1523,Win,1,No,1,0,1
2,1595,1583,-12,1595,1639,Loss,-1,No,3,0,0
3,1583,1620,37,,,Win,1,Enemy team,1,1,0
4,1620,1658,38,1686,1631,Win,2,No,0,1,0
5,1658,1658,0,1610,1626,Draw,0,No,0,1,1
6,1658,1698,40,1625,1631,Win,1,No,2,1,0
7,1698,1749,51,1654,1740,Win,2,No,1,1,3
8,1749,1803,54,1724,1694,Win,3,No,1,2,0
9,1803,1859,56,1813,1815,Win,4,No,0,0,0
10,1859,1936,77,1844,1797,Win,5,No,1,1,1
11,1936,1914,-22,1767,1759,Loss,-1,No,0,1,0
12,1914,1944,30,1829,1826,Win,1,No,0,1,0
13,1944,1921,-23,1888,1881,Loss,-1,No,0,2,1
14,1921,1904,-17,1869,1871,Loss,-2,No,1,1,0
15,1904,1882,-22,1864,1876,Loss,-3,No,2,1,0
16,1882,1858,-24,1832,1813,Loss,-4,No,1,0,0
17,1858,1826,-32,1789,1795,Loss,-5,No,1,0,1
18,1826,1857,31,1743,1824,Win,1,No,2,0,1
19,1857,1857,0,1796,1766,Draw,0,No,0,0,3
20,1857,1886,29,1757,1773,Win,1,No,1,0,0
21,1886,1867,-19,1830,1826,Loss,-1,No,0,0,0
22,1867,1897,30,1822,1766,Win,1,No,1,0,0
23,1897,1897,0,1867,1844,Draw,0,No,1,0,0
24,1897,1897,0,1885,1902,Draw,0,No,2,0,2
25,1897,1924,27,1810,1838,Win,1,Enemy team,1,0,1
26,1924,1905,-19,1815,1801,Loss,-1,No,0,0,2
27,1905,1934,29,1806,1761,Win,1,No,1,0,1
28,1934,1913,-21,1944,1922,Loss,-1,No,1,2,0
29,1913,1943,30,1861,1837,Win,1,Enemy team,0,1,1
30,1943,1919,-24,1837,1841,Loss,-1,No,1,1,1
31,1919,1945,26,1901,1839,Win,1,No,0,2,0
32,1945,1976,31,1853,1823,Win,2,No,0,2,0
33,1976,1956,-20,1926,1899,Loss,-1,No,1,1,1
34,1956,1927,-29,1873,1838,Loss,-2,No,0,0,1
35,1927,1902,-25,1845,1824,Loss,-3,No,2,1,0
36,1902,1925,23,1825,1748,Win,1,No,0,0,2
37,1925,1953,28,1878,1870,Win,2,No,0,3,0
38,1953,1931,-22,1871,1827,Loss,-1,No,0,1,1
39,1931,1952,21,1870,1827,Win,1,No,1,0,0
40,1952,1978,26,1890,1863,Win,2,No,1,0,0
41,1978,2009,31,1928,1921,Win,3,Enemy team,0,2,0
42,2009,1990,-19,1892,2001,Loss,-1,No,1,0,0
43,1990,2015,25,1926,1949,Win,1,Enemy team,2,1,1
44,2015,2039,24,1919,1915,Win,2,No,1,0,1
45,2039,2070,31,1953,1981,Win,3,No,2,1,2
46,2070,2107,37,2030,1986,Win,4,No,1,1,1
47,2107,2143,36,2006,2073,Win,5,No,0,1,1
48,2143,2196,53,2052,1996,Win,6,No,1,2,0
49,2196,2259,63,2088,2061,Win,7,No,2,1,0
50,2259,2321,62,2205,2179,Win,8,No,0,1,1
51,2321,2385,64,2233,2204,Win,9,No,0,1,0
52,2385,2362,-23,2330,2262,Loss,-1,No,1,3,0
53,2362,2333,-29,2293,2319,Loss,-2,No,0,1,0
54,2333,2304,-29,2220,2188,Loss,-3,Enemy team,1,2,1
55,2304,2267,-37,2295,2234,Loss,-4,No,1,1,2
56,2267,2267,0,2182,2184,Draw,0,No,1,2,2
57,2267,2221,-46,2186,2203,Loss,-1,No,1,0,0
58,2221,2180,-41,2238,2176,Loss,-2,No,3,1,0
59,2180,2205,25,2146,2105,Win,1,No,0,2,1
60,2205,2180,-25,2120,2118,Loss,-1,No,0,2,0
61,2180,2202,22,2149,2125,Win,1,No,1,1,1
62,2202,2226,24,2150,2100,Win,2,No,0,1,2
63,2226,2226,0,2162,2126,Draw,0,No,2,0,1
64,2226,2255,29,2166,2176,Win,1,No,2,1,0
65,2255,2282,27,2219,2152,Win,2,No,0,2,1
66,2282,2258,-24,2206,2242,Loss,-1,No,2,1,1
67,2258,2282,24,2197,2170,Win,1,No,1,1,2
68,2282,2300,18,2250,2260,Win,2,No,1,0,0
69,2300,2323,23,2273,2203,Win,3,No,1,1,2
70,2323,2349,26,2238,2210,Win,4,No,1,3,1
71,2349,2376,27,2314,2294,Win,5,No,1,0,0
72,2376,2350,-26,2328,2355,Loss,-1,No,1,1,2
73,2350,2324,-26,2297,2280,Loss,-2,No,1,0,1
74,2324,2296,-28,2287,2204,Loss,-3,No,1,1,2
75,2296,2296,0,2246,2249,Draw,0,No,0,2,0
76,2296,2270,-26,2259,2201,Loss,-1,No,1,3,0
77,2270,2292,22,2230,2126,Win,1,No,2,0,1
78,2292,2315,23,2292,2234,Win,2,No,0,2,0
79,2315,2337,22,2293,2232,Win,3,No,0,1,0
80,2337,2365,28,2301,2289,Win,4,No,1,1,0
81,2365,2365,0,2320,2321,Draw,0,My team,1,0,0
82,2365,2398,33,2375,2354,Win,1,No,0,1,0
83,2398,2429,31,2381,2442,Win,2,No,1,0,0
84,2429,2403,-26,2379,2418,Loss,-1,No,0,0,3
85,2403,2425,22,2416,2406,Win,1,No,0,1,2
86,2425,2399,-26,2355,2383,Loss,-1,No,1,0,1
87,2399,2421,22,2347,2405,Win,1,No,1,1,1
88,2421,2395,-26,2363,2402,Loss,-1,No,0,1,1
89,2395,2421,26,2305,2279,Win,1,No,0,1,1
90,2421,2444,23,2386,2384,Win,2,No,2,0,1
91,2444,2444,0,2400,2342,Draw,0,No,1,0,0
92,2444,2468,24,2373,2384,Win,1,No,1,1,0
93,2468,2495,27,2402,2418,Win,2,No,1,0,0
94,2495,2525,30,2446,2440,Win,3,No,1,0,1
95,2525,2494,-31,2507,2503,Loss,-1,No,0,1,0
96,2494,2516,22,2484,2462,Win,1,No,2,1,0
97,2516,2542,26,2501,2509,Win,2,No,0,2,0
98,2542,2515,-27,2583,2546,Loss,-1,No,0,2,0
99,2515,2491,-24,2432,2450,Loss,-2,No,1,0,0
100,2491,2460,-31,2401,2372,Loss,-3,No,1,0,1
101,2460,2427,-33,2458,2436,Loss,-4,No,0,1,0
102,2427,2450,23,2337,2353,Win,1,No,0,1,0
103,2450,2428,-22,2403,2444,Loss,-1,No,1,0,0
104,2428,2408,-20,2424,2386,Loss,-2,No,1,2,0
105,2408,2385,-23,2411,2409,Loss,-3,No,2,1,0
106,2385,2413,28,2314,2308,Win,1,No,1,1,1
107,2413,2435,22,2346,2363,Win,2,No,2,1,
108,2435,2457,22,2418,2341,Win,3,No,1,1,1
109,2457,2435,-22,2466,2421,Loss,-1,No,1,1,2
110,2435,2409,-26,2385,2389,Loss,-2,No,0,1,0
111,2409,2432,23,2395,2372,Win,1,No,1,1,0
112,2432,2409,-23,2429,2367,Loss,-1,No,1,1,1
113,2409,2433,24,2407,2406,Win,1,No,0,1,1
114,2433,2458,25,2369,2299,Win,2,No,1,0,1
115,2458,2458,0,2450,2380,Draw,0,No,0,2,2
116,2458,2472,14,2446,2491,Win,1,No,1,0,0
117,2472,2446,-26,2463,2428,Loss,-1,No,0,1,0
118,2446,2469,23,2433,2431,Win,1,No,1,0,0
119,2469,2488,19,2465,2432,Win,2,No,0,1,0
120,2488,2516,28,2451,2439,Win,3,No,1,2,0
121,2516,2489,-27,2470,2472,Loss,-1,No,0,0,1
122,2489,2464,-25,2425,2441,Loss,-2,No,1,2,2
123,2464,2439,-25,2408,2406,Loss,-3,No,1,1,0
124,2439,2408,-31,2416,2415,Loss,-4,No,1,0,0
125,2408,2431,23,2362,2395,Win,1,No,1,0,1
126,2431,2456,25,2404,2377,Win,2,No,1,1,0
127,2456,2433,-23,2449,2412,Loss,-1,No,0,2,1
128,2433,2410,-23,2406,2401,Loss,-2,No,1,2,1
129,2410,2435,25,2406,2394,Win,1,No,1,1,1
130,2435,2414,-21,2351,2383,Loss,-1,No,1,2,0
131,2414,2390,-24,2414,2417,Loss,-2,No,1,0,0
132,2390,2414,24,2363,2332,Win,1,No,1,0,0
133,2414,2437,23,2343,2427,Win,2,No,2,0,0
134,2437,2462,25,2419,2413,Win,3,No,0,2,1
135,2462,2497,35,2465,2446,Win,4,No,0,2,0
136,2497,2474,-23,2458,2447,Loss,-1,No,0,2,1
137,2474,2448,-26,2469,2394,Loss,-2,No,1,1,0
138,2448,2465,17,2398,2374,Win,1,No,0,0,1
139,2465,2441,-24,2433,2466,Loss,-1,No,0,0,2
140,2441,2465,24,2425,2393,Win,1,No,2,0,1
141,2465,2486,21,2456,2419,Win,2,No,0,2,0
142,2486,2464,-22,2442,2422,Loss,-1,No,0,2,0
143,2464,2438,-26,2441,2478,Loss,-2,No,1,0,0
144,2438,2462,24,2390,2338,Win,1,No,0,1,0
145,2462,2433,-29,2476,2424,Loss,-1,No,,,
146,2433,2457,24,2418,2374,Win,1,No,1,0,0
147,2457,2482,25,2435,2457,Win,2,No,1,2,0
148,2482,2460,-22,2435,2459,Loss,-1,No,1,1,0
149,2460,2435,-25,2444,2467,Loss,-2,No,1,0,0
150,2435,2408,-27,2422,2379,Loss,-3,No,0,0,1
151,2408,2378,-30,2383,2400,Loss,-4,No,0,1,0
152,2378,2346,-32,2328,2355,Loss,-5,No,0,1,1
153,2346,2364,18,2312,2276,Win,1,No,1,0,1
154,2364,2385,21,2366,2361,Win,2,No,0,1,0
155,2385,2359,-26,2361,2312,Loss,-1,No,0,1,0
156,2359,2334,-25,2327,2330,Loss,-2,No,0,1,1
157,2334,2304,-30,2301,2310,Loss,-3,No,1,0,1
158,2304,2269,-35,2234,2232,Loss,-4,No,0,1,1